    addr inst val_1 val_2 val_3 :  32768 32769 32770 32771 32772 32773 32774 32775
    1500  add 32769 32769     1 :     63    15  9584 27430    17  1531 27414     0
    1504   jt 32769  1480       :     63    16  9584 27430    17  1531 27414     0
    1480  add 32771     1 32769 :     63    16  9584 27430    17  1531 27414     0
    1484   gt 32768 32771 32772 :     63    16  9584    17    17  1531 27414     0
    1488   jt 32768  1507       :      0    16  9584    17    17  1531 27414     0
    1491  add 32771 32771 32774 :      0    16  9584    17    17  1531 27414     0
    1495 rmem 32768 32771       :      0    16  9584 27431    17  1531 27414     0
    1498 call 32773             :   9594    16  9584 27431    17  1531 27414     0
    1531 push 32769             :   9594    16  9584 27431    17  1531 27414     0
    1533  set 32769 32770       :   9594    16  9584 27431    17  1531 27414     0
    1536 call  2125             :   9594  9584  9584 27431    17  1531 27414     0
    2125 push 32769             :   9594  9584  9584 27431    17  1531 27414     0
    2127 push 32770             :   9594  9584  9584 27431    17  1531 27414     0
    2129  and 32770 32768 32769 :   9594  9584  9584 27431    17  1531 27414     0
    2133  not 32770 32770       :   9594  9584  9584 27431    17  1531 27414     0
    2136   or 32768 32768 32769 :   9594  9584 23183 27431    17  1531 27414     0
    2140  and 32768 32768 32770 :   9594  9584 23183 27431    17  1531 27414     0
    2144  pop 32770             :     10  9584 23183 27431    17  1531 27414     0
    2146  pop 32769             :     10  9584  9584 27431    17  1531 27414     0
    2148  ret                   :     10  9584  9584 27431    17  1531 27414     0
    1538  out 32768             :     10  9584  9584 27431    17  1531 27414     0
    1540  pop 32769             :     10  9584  9584 27431    17  1531 27414     0
    1542  ret                   :     10    16  9584 27431    17  1531 27414     0
    1500  add 32769 32769     1 :     10    16  9584 27431    17  1531 27414     0
    1504   jt 32769  1480       :     10    17  9584 27431    17  1531 27414     0
    1480  add 32771     1 32769 :     10    17  9584 27431    17  1531 27414     0
    1484   gt 32768 32771 32772 :     10    17  9584    18    17  1531 27414     0
    1488   jt 32768  1507       :      1    17  9584    18    17  1531 27414     0
    1507  pop 32774             :      1    17  9584    18    17  1531 27414     0
    1509  pop 32773             :      1    17  9584    18    17  1531     0     0
    1511  pop 32772             :      1    17  9584    18    17     0     0     0
    1513  pop 32771             :      1    17  9584    18   101     0     0     0
    1515  pop 32768             :      1    17  9584    10   101     0     0     0
    1517  ret                   :  27414    17  9584    10   101     0     0     0
    2812  pop 32770             :  27414    17  9584    10   101     0     0     0
    2814  pop 32769             :  27414    17     3    10   101     0     0     0
    2816  pop 32768             :  27414  2488     3    10   101     0     0     0
    2818  set 32768    32       :  25974  2488     3    10   101     0     0     0
    2821  set 32769 25974       :     32  2488     3    10   101     0     0     0
    2824 call  1767             :     32 25974     3    10   101     0     0     0
    1767 push 32768             :     32 25974     3    10   101     0     0     0
    1769 push 32770             :     32 25974     3    10   101     0     0     0
    1771 push 32771             :     32 25974     3    10   101     0     0     0
    1773 push 32772             :     32 25974     3    10   101     0     0     0
    1775 push 32773             :     32 25974     3    10   101     0     0     0
    1777  add 32770 32769 32768 :     32 25974     3    10   101     0     0     0
    1781  set 32768 32769       :     32 25974 26006    10   101     0     0     0
    1784  set 32773     0       :  25974 25974 26006    10   101     0     0     0
    1787  add 32768 32768     1 :  25974 25974 26006    10   101     0     0     0
    1791   gt 32771 32768 32770 :  25975 25974 26006    10   101     0     0     0
    1795   jt 32771  1816       :  25975 25974 26006     0   101     0     0     0
    1798   in 32772             :  25975 25974 26006     0   101     0     0     0
